1.00000e+000  2.00427e-002
9.83388e-001  2.66293e-002
9.64566e-001  3.39107e-002
9.43643e-001  4.18320e-002
9.20710e-001  5.04467e-002
8.95877e-001  5.98600e-002
8.69274e-001  7.00213e-002
8.41011e-001  8.08493e-002
8.11237e-001  9.22773e-002
7.80084e-001  1.04212e-001
7.47710e-001  1.16547e-001
7.14276e-001  1.29176e-001
6.79922e-001  1.41977e-001
6.44827e-001  1.54832e-001
6.09163e-001  1.67593e-001
5.73089e-001  1.80088e-001
5.36794e-001  1.92129e-001
5.00430e-001  2.03517e-001
4.64196e-001  2.13999e-001
4.28241e-001  2.23347e-001
3.92757e-001  2.31321e-001
3.57913e-001  2.37695e-001
3.23859e-001  2.42309e-001
2.90775e-001  2.44963e-001
2.58821e-001  2.45549e-001
2.28137e-001  2.43909e-001
1.98874e-001  2.39949e-001
1.71181e-001  2.33521e-001
1.45177e-001  2.24613e-001
1.21005e-001  2.13305e-001
9.87620e-002  1.99784e-001
7.85690e-002  1.84076e-001
6.05170e-002  1.66340e-001
4.46950e-002  1.46697e-001
3.11740e-002  1.25415e-001
2.00220e-002  1.02892e-001
1.12910e-002  7.93427e-002
5.03100e-003  5.52067e-002
1.26000e-003  2.34027e-002
0.00000e+000  8.16133e-003
1.26000e-003  -1.94560e-002
5.03100e-003  -4.83253e-002
1.12910e-002  -7.10747e-002
2.00220e-002  -9.34240e-002
3.11740e-002  -1.14507e-001
4.46950e-002  -1.34203e-001
6.05170e-002  -1.52552e-001
7.85690e-002  -1.69287e-001
9.87620e-002  -1.84303e-001
1.21005e-001  -1.97597e-001
1.45177e-001  -2.09132e-001
1.71181e-001  -2.18720e-001
1.98874e-001  -2.26293e-001
2.28137e-001  -2.31695e-001
2.58821e-001  -2.34735e-001
2.90775e-001  -2.35268e-001
3.23859e-001  -2.33201e-001
3.57913e-001  -2.28481e-001
3.92757e-001  -2.21067e-001
4.28241e-001  -2.10905e-001
4.64196e-001  -1.97997e-001
5.00430e-001  -1.82755e-001
5.36794e-001  -1.65567e-001
5.73089e-001  -1.46804e-001
6.09163e-001  -1.26975e-001
6.44827e-001  -1.06680e-001
6.79922e-001  -8.66773e-002
7.14276e-001  -6.77813e-002
7.47710e-001  -5.07667e-002
7.80084e-001  -3.61773e-002
8.11237e-001  -2.42160e-002
8.41011e-001  -1.49347e-002
8.69274e-001  -8.48133e-003
8.95877e-001  -4.81333e-003
9.20710e-001  -3.64000e-003
9.43643e-001  -4.56000e-003
9.64566e-001  -7.40133e-003
9.83388e-001  -1.23747e-002
1.00000e+000  -1.85760e-002
