1.00000e+000  1.50320e-002
9.83388e-001  1.99720e-002
9.64566e-001  2.54330e-002
9.43643e-001  3.13740e-002
9.20710e-001  3.78350e-002
8.95877e-001  4.48950e-002
8.69274e-001  5.25160e-002
8.41011e-001  6.06370e-002
8.11237e-001  6.92080e-002
7.80084e-001  7.81590e-002
7.47710e-001  8.74100e-002
7.14276e-001  9.68820e-002
6.79922e-001  1.06483e-001
6.44827e-001  1.16124e-001
6.09163e-001  1.25695e-001
5.73089e-001  1.35066e-001
5.36794e-001  1.44097e-001
5.00430e-001  1.52638e-001
4.64196e-001  1.60499e-001
4.28241e-001  1.67510e-001
3.92757e-001  1.73491e-001
3.57913e-001  1.78271e-001
3.23859e-001  1.81732e-001
2.90775e-001  1.83722e-001
2.58821e-001  1.84162e-001
2.28137e-001  1.82932e-001
1.98874e-001  1.79962e-001
1.71181e-001  1.75141e-001
1.45177e-001  1.68460e-001
1.21005e-001  1.59979e-001
9.87620e-002  1.49838e-001
7.85690e-002  1.38057e-001
6.05170e-002  1.24755e-001
4.46950e-002  1.10023e-001
3.11740e-002  9.40610e-002
2.00220e-002  7.71690e-002
1.12910e-002  5.95070e-002
5.03100e-003  4.14050e-002
1.26000e-003  1.75520e-002
0.00000e+000  6.12100e-003
1.26000e-003  -1.45920e-002
5.03100e-003  -3.62440e-002
1.12910e-002  -5.33060e-002
2.00220e-002  -7.00680e-002
3.11740e-002  -8.58800e-002
4.46950e-002  -1.00652e-001
6.05170e-002  -1.14414e-001
7.85690e-002  -1.26965e-001
9.87620e-002  -1.38227e-001
1.21005e-001  -1.48198e-001
1.45177e-001  -1.56849e-001
1.71181e-001  -1.64040e-001
1.98874e-001  -1.69720e-001
2.28137e-001  -1.73771e-001
2.58821e-001  -1.76051e-001
2.90775e-001  -1.76451e-001
3.23859e-001  -1.74901e-001
3.57913e-001  -1.71361e-001
3.92757e-001  -1.65800e-001
4.28241e-001  -1.58179e-001
4.64196e-001  -1.48498e-001
5.00430e-001  -1.37066e-001
5.36794e-001  -1.24175e-001
5.73089e-001  -1.10103e-001
6.09163e-001  -9.52310e-002
6.44827e-001  -8.00100e-002
6.79922e-001  -6.50080e-002
7.14276e-001  -5.08360e-002
7.47710e-001  -3.80750e-002
7.80084e-001  -2.71330e-002
8.11237e-001  -1.81620e-002
8.41011e-001  -1.12010e-002
8.69274e-001  -6.36100e-003
8.95877e-001  -3.61000e-003
9.20710e-001  -2.73000e-003
9.43643e-001  -3.42000e-003
9.64566e-001  -5.55100e-003
9.83388e-001  -9.28100e-003
1.00000e+000  -1.39320e-002
