1.00000e+000  7.17000e-003
9.78169e-001  1.15720e-002
9.54424e-001  1.63620e-002
9.30228e-001  2.13090e-002
9.05997e-001  2.63450e-002
8.81745e-001  3.14530e-002
8.57493e-001  3.66240e-002
8.33242e-001  4.18480e-002
8.08999e-001  4.71210e-002
7.84743e-001  5.24340e-002
7.60466e-001  5.77670e-002
7.36173e-001  6.31020e-002
7.11890e-001  6.84090e-002
6.87635e-001  7.36620e-002
6.63396e-001  7.88390e-002
6.39173e-001  8.39150e-002
6.14969e-001  8.88590e-002
5.90771e-001  9.36400e-002
5.66565e-001  9.82370e-002
5.42351e-001  1.02628e-001
5.18136e-001  1.06785e-001
4.93919e-001  1.10675e-001
4.69701e-001  1.14265e-001
4.45487e-001  1.17519e-001
4.21288e-001  1.20393e-001
3.97112e-001  1.22844e-001
3.72972e-001  1.24820e-001
3.48893e-001  1.26269e-001
3.24916e-001  1.27120e-001
3.01052e-001  1.27302e-001
2.77311e-001  1.26760e-001
2.53734e-001  1.25446e-001
2.30372e-001  1.23310e-001
2.07263e-001  1.20310e-001
1.84486e-001  1.16410e-001
1.62130e-001  1.11574e-001
1.40291e-001  1.05771e-001
1.19098e-001  9.89820e-002
9.87270e-002  9.12070e-002
7.94100e-002  8.24800e-002
6.14850e-002  7.28980e-002
4.53960e-002  6.26690e-002
3.16770e-002  5.21720e-002
2.06610e-002  4.18500e-002
1.24980e-002  3.22210e-002
6.70600e-003  2.33360e-002
3.00000e-003  1.54760e-002
9.09000e-004  8.28700e-003
0.00000e+000  1.62500e-003
2.96000e-004  -4.62800e-003
1.88100e-003  -1.06790e-002
4.98800e-003  -1.70580e-002
9.90600e-003  -2.40550e-002
1.73410e-002  -3.20260e-002
2.79330e-002  -4.11720e-002
4.19170e-002  -5.11670e-002
5.86010e-002  -6.12680e-002
7.71740e-002  -7.09020e-002
9.69930e-002  -7.97520e-002
1.17714e-001  -8.76960e-002
1.39134e-001  -9.46910e-002
1.61110e-001  -1.00728e-001
1.83539e-001  -1.05809e-001
2.06335e-001  -1.09948e-001
2.29437e-001  -1.13167e-001
2.52776e-001  -1.15492e-001
2.76289e-001  -1.16947e-001
2.99912e-001  -1.17549e-001
3.23599e-001  -1.17308e-001
3.47318e-001  -1.16237e-001
3.71038e-001  -1.14352e-001
3.94728e-001  -1.11676e-001
4.18368e-001  -1.08227e-001
4.41941e-001  -1.04035e-001
4.65431e-001  -9.91370e-002
4.88834e-001  -9.35670e-002
5.12191e-001  -8.73760e-002
5.35538e-001  -8.06540e-002
5.58881e-001  -7.35050e-002
5.82236e-001  -6.60210e-002
6.05662e-001  -5.82950e-002
6.29144e-001  -5.04670e-002
6.52569e-001  -4.27200e-002
6.75910e-001  -3.52050e-002
6.99179e-001  -2.80600e-002
7.22432e-001  -2.14080e-002
7.45723e-001  -1.53210e-002
7.69017e-001  -9.89100e-003
7.92279e-001  -5.24100e-003
8.15582e-001  -1.45800e-003
8.39030e-001  1.47900e-003
8.62579e-001  3.61200e-003
8.86065e-001  4.93300e-003
9.09394e-001  5.36700e-003
9.32565e-001  4.85400e-003
9.55672e-001  3.40000e-003
9.78413e-001  1.13600e-003
1.00000e+000  -1.54800e-003
