1.00000e+000  9.37000e-003
9.83380e-001  1.33300e-002
9.64570e-001  1.77500e-002
9.43639e-001  2.26600e-002
9.20709e-001  2.81200e-002
8.95879e-001  3.41700e-002
8.69269e-001  4.07400e-002
8.41008e-001  4.78000e-002
8.11238e-001  5.52810e-002
7.80088e-001  6.30910e-002
7.47717e-001  7.11610e-002
7.14277e-001  7.93910e-002
6.79927e-001  8.76610e-002
6.44836e-001  9.58710e-002
6.09166e-001  1.03911e-001
5.73096e-001  1.11691e-001
5.36795e-001  1.19091e-001
5.00435e-001  1.26011e-001
4.64195e-001  1.32291e-001
4.28244e-001  1.37761e-001
3.92764e-001  1.42301e-001
3.57914e-001  1.45781e-001
3.23863e-001  1.48071e-001
2.90783e-001  1.49081e-001
2.58823e-001  1.48661e-001
2.28132e-001  1.46731e-001
1.98882e-001  1.43251e-001
1.71182e-001  1.38141e-001
1.45181e-001  1.31461e-001
1.21011e-001  1.23321e-001
9.87710e-002  1.13851e-001
7.85810e-002  1.03231e-001
6.05210e-002  9.16710e-002
4.47000e-002  7.93810e-002
3.11800e-002  6.65510e-002
2.00300e-002  5.33910e-002
1.13000e-002  4.00100e-002
5.03000e-003  2.66700e-002
1.26000e-003  1.32600e-002
0.00000e+000  -1.19000e-003
1.26000e-003  -1.25600e-002
5.03000e-003  -2.50200e-002
1.13000e-002  -3.76400e-002
2.00300e-002  -5.03510e-002
3.11800e-002  -6.31210e-002
4.47000e-002  -7.58210e-002
6.05210e-002  -8.82510e-002
7.85810e-002  -1.00181e-001
9.87710e-002  -1.11361e-001
1.21011e-001  -1.21551e-001
1.45181e-001  -1.30521e-001
1.71182e-001  -1.38101e-001
1.98882e-001  -1.44111e-001
2.28132e-001  -1.48471e-001
2.58823e-001  -1.51082e-001
2.90783e-001  -1.51882e-001
3.23863e-001  -1.50802e-001
3.57914e-001  -1.47801e-001
3.92764e-001  -1.42831e-001
4.28244e-001  -1.35911e-001
4.64195e-001  -1.27101e-001
5.00435e-001  -1.16521e-001
5.36795e-001  -1.04421e-001
5.73096e-001  -9.11610e-002
6.09166e-001  -7.72210e-002
6.44836e-001  -6.31810e-002
6.79927e-001  -4.96600e-002
7.14277e-001  -3.72200e-002
7.47717e-001  -2.63100e-002
7.80088e-001  -1.71500e-002
8.11238e-001  -1.00200e-002
8.41008e-001  -4.79000e-003
8.69269e-001  -1.34000e-003
8.95879e-001  4.00000e-004
9.20709e-001  5.80000e-004
9.43639e-001  -5.10000e-004
9.64570e-001  -2.61000e-003
9.83380e-001  -5.58000e-003
1.00000e+000  -8.91000e-003
